Time:2017-11-17 21:12:10
Accuracy: 0.16779825412221144
micro_Precision: 0.22847222222222222
micro_Recall: 0.22847222222222222
micro_F1: 0.2284722222222222
macro_precision:0.176543841331
macro_recall:0.0937391775644
macro_F1:0.0961162240757
----------------------------------------------------
